{
 "cells": [
  {
   "cell_type": "code",
   "execution_count": 8,
   "metadata": {},
   "outputs": [],
   "source": [
    "import numpy as np\n",
    "my_arr = np.arange(1000000)\n",
    "my_list = list(range(1000000))"
   ]
  },
  {
   "cell_type": "code",
   "execution_count": 28,
   "metadata": {},
   "outputs": [
    {
     "data": {
      "text/plain": [
       "[0, 1, 2, 3, 4, 5, 6, 7, 8, 9]"
      ]
     },
     "execution_count": 28,
     "metadata": {},
     "output_type": "execute_result"
    }
   ],
   "source": [
    "my_arr[1:10]\n",
    "a = list(range(10))\n",
    "a"
   ]
  },
  {
   "cell_type": "code",
   "execution_count": 14,
   "metadata": {},
   "outputs": [
    {
     "data": {
      "text/plain": [
       "[1, 2, 3, 4, 5, 6, 7, 8, 9]"
      ]
     },
     "execution_count": 14,
     "metadata": {},
     "output_type": "execute_result"
    }
   ],
   "source": [
    "my_list[1:10]"
   ]
  },
  {
   "cell_type": "code",
   "execution_count": 23,
   "metadata": {},
   "outputs": [
    {
     "name": "stdout",
     "output_type": "stream",
     "text": [
      "Wall time: 26.9 ms\n"
     ]
    }
   ],
   "source": [
    "%time for i in range(10):my_arr2 = my_arr*i"
   ]
  },
  {
   "cell_type": "code",
   "execution_count": 24,
   "metadata": {},
   "outputs": [
    {
     "name": "stdout",
     "output_type": "stream",
     "text": [
      "Wall time: 469 ms\n"
     ]
    }
   ],
   "source": [
    "%time for i in range(10):my_list2 = my_list*i"
   ]
  },
  {
   "cell_type": "code",
   "execution_count": 29,
   "metadata": {},
   "outputs": [
    {
     "data": {
      "text/plain": [
       "0.9696193301467583"
      ]
     },
     "execution_count": 29,
     "metadata": {},
     "output_type": "execute_result"
    }
   ],
   "source": [
    "np.random.rand()"
   ]
  },
  {
   "cell_type": "code",
   "execution_count": 30,
   "metadata": {},
   "outputs": [
    {
     "data": {
      "text/plain": [
       "array([0.0861759 , 0.06875838])"
      ]
     },
     "execution_count": 30,
     "metadata": {},
     "output_type": "execute_result"
    }
   ],
   "source": [
    "np.random.rand(2)"
   ]
  },
  {
   "cell_type": "code",
   "execution_count": 55,
   "metadata": {},
   "outputs": [
    {
     "data": {
      "text/plain": [
       "array([[0.13759073, 0.30459612, 0.50768092, 0.95409136, 0.1125322 ],\n",
       "       [0.58230827, 0.94227697, 0.20127118, 0.82408154, 0.52647163],\n",
       "       [0.84342391, 0.93655916, 0.97702991, 0.15908249, 0.94757259],\n",
       "       [0.57583917, 0.85766714, 0.80540308, 0.04960591, 0.23831676],\n",
       "       [0.83050295, 0.71660237, 0.53065876, 0.25539414, 0.31650867]])"
      ]
     },
     "execution_count": 55,
     "metadata": {},
     "output_type": "execute_result"
    }
   ],
   "source": [
    "a = np.random.rand(5,5)\n",
    "a"
   ]
  },
  {
   "cell_type": "code",
   "execution_count": 56,
   "metadata": {},
   "outputs": [
    {
     "data": {
      "text/plain": [
       "array([[1.3759073 , 3.04596118, 5.07680925, 9.54091358, 1.12532198],\n",
       "       [5.82308265, 9.42276968, 2.01271181, 8.24081536, 5.2647163 ],\n",
       "       [8.4342391 , 9.36559157, 9.77029907, 1.59082493, 9.4757259 ],\n",
       "       [5.75839172, 8.57667137, 8.05403083, 0.49605908, 2.3831676 ],\n",
       "       [8.3050295 , 7.16602373, 5.30658759, 2.55394136, 3.16508672]])"
      ]
     },
     "execution_count": 56,
     "metadata": {},
     "output_type": "execute_result"
    }
   ],
   "source": [
    "a*10"
   ]
  },
  {
   "cell_type": "code",
   "execution_count": 57,
   "metadata": {},
   "outputs": [
    {
     "data": {
      "text/plain": [
       "(5, 5)"
      ]
     },
     "execution_count": 57,
     "metadata": {},
     "output_type": "execute_result"
    }
   ],
   "source": [
    "a.shape"
   ]
  },
  {
   "cell_type": "code",
   "execution_count": 58,
   "metadata": {},
   "outputs": [
    {
     "data": {
      "text/plain": [
       "dtype('float64')"
      ]
     },
     "execution_count": 58,
     "metadata": {},
     "output_type": "execute_result"
    }
   ],
   "source": [
    "a.dtype"
   ]
  },
  {
   "cell_type": "code",
   "execution_count": 60,
   "metadata": {},
   "outputs": [
    {
     "data": {
      "text/plain": [
       "array([0, 1, 2, 3, 4, 5, 6, 7, 8, 9])"
      ]
     },
     "execution_count": 60,
     "metadata": {},
     "output_type": "execute_result"
    }
   ],
   "source": [
    "a= np.arange(10)\n",
    "a"
   ]
  },
  {
   "cell_type": "code",
   "execution_count": 80,
   "metadata": {},
   "outputs": [],
   "source": [
    "d = [(1,2,3.5),(2,3,4),[4,6,7]]\n",
    "a = np.array(d)"
   ]
  },
  {
   "cell_type": "code",
   "execution_count": 85,
   "metadata": {},
   "outputs": [
    {
     "data": {
      "text/plain": [
       "array([1, 2, 3])"
      ]
     },
     "execution_count": 85,
     "metadata": {},
     "output_type": "execute_result"
    }
   ],
   "source": [
    "a"
   ]
  },
  {
   "cell_type": "code",
   "execution_count": 79,
   "metadata": {},
   "outputs": [
    {
     "data": {
      "text/plain": [
       "3"
      ]
     },
     "execution_count": 79,
     "metadata": {},
     "output_type": "execute_result"
    }
   ],
   "source": [
    "a.ndim"
   ]
  },
  {
   "cell_type": "code",
   "execution_count": 82,
   "metadata": {},
   "outputs": [],
   "source": [
    "a = np.array([1,2,3],dtype=np.int32)"
   ]
  },
  {
   "cell_type": "code",
   "execution_count": 84,
   "metadata": {},
   "outputs": [
    {
     "data": {
      "text/plain": [
       "dtype('int32')"
      ]
     },
     "execution_count": 84,
     "metadata": {},
     "output_type": "execute_result"
    }
   ],
   "source": [
    "a.dtype"
   ]
  },
  {
   "cell_type": "code",
   "execution_count": 89,
   "metadata": {},
   "outputs": [],
   "source": [
    "a = a.astype(np.float64)"
   ]
  },
  {
   "cell_type": "code",
   "execution_count": 90,
   "metadata": {},
   "outputs": [
    {
     "data": {
      "text/plain": [
       "dtype('float64')"
      ]
     },
     "execution_count": 90,
     "metadata": {},
     "output_type": "execute_result"
    }
   ],
   "source": [
    "a.dtype"
   ]
  },
  {
   "cell_type": "code",
   "execution_count": 101,
   "metadata": {},
   "outputs": [],
   "source": [
    "a = np.array([1,2,3,4])\n",
    "b = np.array([5,6,7,8])"
   ]
  },
  {
   "cell_type": "code",
   "execution_count": 102,
   "metadata": {},
   "outputs": [
    {
     "name": "stdout",
     "output_type": "stream",
     "text": [
      "[1 2 3 4] [5 6 7 8]\n"
     ]
    }
   ],
   "source": [
    "print(a,b)"
   ]
  },
  {
   "cell_type": "code",
   "execution_count": 103,
   "metadata": {},
   "outputs": [
    {
     "data": {
      "text/plain": [
       "array([False, False, False, False])"
      ]
     },
     "execution_count": 103,
     "metadata": {},
     "output_type": "execute_result"
    }
   ],
   "source": [
    "a>b"
   ]
  },
  {
   "cell_type": "code",
   "execution_count": 104,
   "metadata": {},
   "outputs": [
    {
     "data": {
      "text/plain": [
       "array([False, False, False, False])"
      ]
     },
     "execution_count": 104,
     "metadata": {},
     "output_type": "execute_result"
    }
   ],
   "source": [
    "a == b"
   ]
  },
  {
   "cell_type": "code",
   "execution_count": 105,
   "metadata": {},
   "outputs": [
    {
     "data": {
      "text/plain": [
       "array([ 5, 12, 21, 32])"
      ]
     },
     "execution_count": 105,
     "metadata": {},
     "output_type": "execute_result"
    }
   ],
   "source": [
    "a*b"
   ]
  },
  {
   "cell_type": "code",
   "execution_count": 113,
   "metadata": {},
   "outputs": [],
   "source": [
    "arr = np.array([1,2,3,4,5,6,7,8,9])"
   ]
  },
  {
   "cell_type": "code",
   "execution_count": 114,
   "metadata": {},
   "outputs": [
    {
     "data": {
      "text/plain": [
       "array([6, 7, 8])"
      ]
     },
     "execution_count": 114,
     "metadata": {},
     "output_type": "execute_result"
    }
   ],
   "source": [
    "arr_slice = arr[5:8].copy()\n",
    "arr_slice"
   ]
  },
  {
   "cell_type": "code",
   "execution_count": 115,
   "metadata": {},
   "outputs": [],
   "source": [
    "arr_slice[:] = 1"
   ]
  },
  {
   "cell_type": "code",
   "execution_count": 116,
   "metadata": {},
   "outputs": [
    {
     "data": {
      "text/plain": [
       "array([1, 2, 3, 4, 5, 6, 7, 8, 9])"
      ]
     },
     "execution_count": 116,
     "metadata": {},
     "output_type": "execute_result"
    }
   ],
   "source": [
    "arr"
   ]
  },
  {
   "cell_type": "code",
   "execution_count": 137,
   "metadata": {},
   "outputs": [],
   "source": [
    "arr2d = np.array([[1,2,7,8,9],[3,4,0,1,2],[5,6,3,4,5]])"
   ]
  },
  {
   "cell_type": "code",
   "execution_count": 143,
   "metadata": {},
   "outputs": [
    {
     "data": {
      "text/plain": [
       "array([[1],\n",
       "       [3],\n",
       "       [5]])"
      ]
     },
     "execution_count": 143,
     "metadata": {},
     "output_type": "execute_result"
    }
   ],
   "source": [
    "arr2d[:,:1]"
   ]
  },
  {
   "cell_type": "code",
   "execution_count": 124,
   "metadata": {},
   "outputs": [],
   "source": [
    "arr3d = np.array([[[1,2,3],[4,5,6]],[[7,8,9],[10,11,12]]])"
   ]
  },
  {
   "cell_type": "code",
   "execution_count": 132,
   "metadata": {},
   "outputs": [
    {
     "data": {
      "text/plain": [
       "12"
      ]
     },
     "execution_count": 132,
     "metadata": {},
     "output_type": "execute_result"
    }
   ],
   "source": [
    "arr3d[1][1][2]"
   ]
  },
  {
   "cell_type": "code",
   "execution_count": 160,
   "metadata": {},
   "outputs": [
    {
     "data": {
      "text/plain": [
       "array([[-0.28146003, -0.92943127, -0.66960954, -0.78293561],\n",
       "       [-1.62592687, -0.48709945,  0.78114866,  0.41905857],\n",
       "       [ 0.97260813, -0.41280246, -2.57227059,  1.68964575],\n",
       "       [-1.6560457 ,  2.2018063 , -1.05362325, -0.25714888],\n",
       "       [ 0.66797145,  0.82815112,  0.95039663,  0.32700292],\n",
       "       [ 0.43440991, -0.18897696,  3.44714211,  0.85463585]])"
      ]
     },
     "execution_count": 160,
     "metadata": {},
     "output_type": "execute_result"
    }
   ],
   "source": [
    "arr = np.array([\"a\",\"b\",\"c\",\"d\",\"e\",\"f\"])\n",
    "arr2 = np.random.randn(6,4)\n",
    "arr2"
   ]
  },
  {
   "cell_type": "code",
   "execution_count": 150,
   "metadata": {},
   "outputs": [
    {
     "data": {
      "text/plain": [
       "array([[ 1.55460429,  1.43429151,  0.16940021, -0.6015346 ]])"
      ]
     },
     "execution_count": 150,
     "metadata": {},
     "output_type": "execute_result"
    }
   ],
   "source": [
    "arr2[arr == \"a\"]"
   ]
  },
  {
   "cell_type": "code",
   "execution_count": 165,
   "metadata": {},
   "outputs": [
    {
     "data": {
      "text/plain": [
       "array([[-0.92943127, -0.66960954, -0.78293561],\n",
       "       [-0.48709945,  0.78114866,  0.41905857],\n",
       "       [-0.41280246, -2.57227059,  1.68964575],\n",
       "       [ 2.2018063 , -1.05362325, -0.25714888],\n",
       "       [ 0.82815112,  0.95039663,  0.32700292],\n",
       "       [-0.18897696,  3.44714211,  0.85463585]])"
      ]
     },
     "execution_count": 165,
     "metadata": {},
     "output_type": "execute_result"
    }
   ],
   "source": [
    "arr2[:,arr[:4] !=\"a\"]"
   ]
  },
  {
   "cell_type": "code",
   "execution_count": 167,
   "metadata": {},
   "outputs": [],
   "source": [
    "mask = (arr==\"a\") | (arr==\"b\")"
   ]
  },
  {
   "cell_type": "code",
   "execution_count": 168,
   "metadata": {},
   "outputs": [
    {
     "data": {
      "text/plain": [
       "array([ True,  True, False, False, False, False])"
      ]
     },
     "execution_count": 168,
     "metadata": {},
     "output_type": "execute_result"
    }
   ],
   "source": [
    "mask"
   ]
  },
  {
   "cell_type": "code",
   "execution_count": 169,
   "metadata": {},
   "outputs": [
    {
     "data": {
      "text/plain": [
       "array([[-0.28146003, -0.92943127, -0.66960954, -0.78293561],\n",
       "       [-1.62592687, -0.48709945,  0.78114866,  0.41905857]])"
      ]
     },
     "execution_count": 169,
     "metadata": {},
     "output_type": "execute_result"
    }
   ],
   "source": [
    "arr2[mask]"
   ]
  },
  {
   "cell_type": "code",
   "execution_count": 183,
   "metadata": {},
   "outputs": [
    {
     "data": {
      "text/plain": [
       "array([[10,  3, 19,  4, 24],\n",
       "       [ 0, 20, 11, 12,  9],\n",
       "       [19, 21, 11,  3, 23],\n",
       "       [23,  1, 18,  4, 14],\n",
       "       [24,  6,  7, 19, 13],\n",
       "       [11, 23,  7,  3, 21],\n",
       "       [ 3,  5, 15,  8, 12],\n",
       "       [ 4, 15, 13, 22, 15]])"
      ]
     },
     "execution_count": 183,
     "metadata": {},
     "output_type": "execute_result"
    }
   ],
   "source": [
    "arr = np.random.randint(0,25,(8,5))\n",
    "arr"
   ]
  },
  {
   "cell_type": "code",
   "execution_count": 188,
   "metadata": {},
   "outputs": [
    {
     "data": {
      "text/plain": [
       "array([[21, 23,  3,  7],\n",
       "       [23, 21,  3, 11],\n",
       "       [15, 15, 22, 13],\n",
       "       [ 9, 20, 12, 11]])"
      ]
     },
     "execution_count": 188,
     "metadata": {},
     "output_type": "execute_result"
    }
   ],
   "source": [
    "arr[[5,2,7,1]][:,[4,1,3,2]]"
   ]
  },
  {
   "cell_type": "code",
   "execution_count": 190,
   "metadata": {},
   "outputs": [
    {
     "data": {
      "text/plain": [
       "array([[1712,  924, 1155,  790, 1638],\n",
       "       [ 924, 1666,  999,  872, 1595],\n",
       "       [1155,  999, 1419,  873, 1673],\n",
       "       [ 790,  872,  873, 1103, 1065],\n",
       "       [1638, 1595, 1673, 1065, 2361]])"
      ]
     },
     "execution_count": 190,
     "metadata": {},
     "output_type": "execute_result"
    }
   ],
   "source": [
    "np.dot(arr.T,arr)"
   ]
  },
  {
   "cell_type": "code",
   "execution_count": 195,
   "metadata": {},
   "outputs": [
    {
     "data": {
      "text/plain": [
       "array([[10,  0, 19, 23, 24, 11,  3,  4],\n",
       "       [ 3, 20, 21,  1,  6, 23,  5, 15],\n",
       "       [19, 11, 11, 18,  7,  7, 15, 13],\n",
       "       [ 4, 12,  3,  4, 19,  3,  8, 22],\n",
       "       [24,  9, 23, 14, 13, 21, 12, 15]])"
      ]
     },
     "execution_count": 195,
     "metadata": {},
     "output_type": "execute_result"
    }
   ],
   "source": [
    "arr.swapaxes(1,0)"
   ]
  },
  {
   "cell_type": "code",
   "execution_count": 211,
   "metadata": {},
   "outputs": [],
   "source": [
    "a = np.array([-3.2623, -6.0915, -6.663 ,  5.3731,  3.6182,  3.45  ,  5.0077])\n",
    "b = np.array([1,2,3,4,5,6,7])"
   ]
  },
  {
   "cell_type": "code",
   "execution_count": 208,
   "metadata": {},
   "outputs": [
    {
     "data": {
      "text/plain": [
       "array([-3., -6., -6.,  5.,  3.,  3.,  5.])"
      ]
     },
     "execution_count": 208,
     "metadata": {},
     "output_type": "execute_result"
    }
   ],
   "source": [
    "r,w = np.modf(a)\n",
    "w"
   ]
  },
  {
   "cell_type": "code",
   "execution_count": 209,
   "metadata": {},
   "outputs": [
    {
     "data": {
      "text/plain": [
       "array([-0.2623, -0.0915, -0.663 ,  0.3731,  0.6182,  0.45  ,  0.0077])"
      ]
     },
     "execution_count": 209,
     "metadata": {},
     "output_type": "execute_result"
    }
   ],
   "source": [
    "r"
   ]
  },
  {
   "cell_type": "code",
   "execution_count": 214,
   "metadata": {},
   "outputs": [
    {
     "data": {
      "text/plain": [
       "array([       nan,        nan,        nan, 1.52249625, 1.37918696,\n",
       "       1.36287107, 1.49592416])"
      ]
     },
     "execution_count": 214,
     "metadata": {},
     "output_type": "execute_result"
    }
   ],
   "source": [
    "np.sqrt(a)"
   ]
  },
  {
   "cell_type": "code",
   "execution_count": 215,
   "metadata": {},
   "outputs": [],
   "source": [
    "points = np.arange(-5, 5, 0.01)"
   ]
  },
  {
   "cell_type": "code",
   "execution_count": 216,
   "metadata": {},
   "outputs": [],
   "source": [
    " xs, ys = np.meshgrid(points, points)"
   ]
  },
  {
   "cell_type": "code",
   "execution_count": 217,
   "metadata": {},
   "outputs": [
    {
     "data": {
      "text/plain": [
       "array([[-5.  , -4.99, -4.98, ...,  4.97,  4.98,  4.99],\n",
       "       [-5.  , -4.99, -4.98, ...,  4.97,  4.98,  4.99],\n",
       "       [-5.  , -4.99, -4.98, ...,  4.97,  4.98,  4.99],\n",
       "       ...,\n",
       "       [-5.  , -4.99, -4.98, ...,  4.97,  4.98,  4.99],\n",
       "       [-5.  , -4.99, -4.98, ...,  4.97,  4.98,  4.99],\n",
       "       [-5.  , -4.99, -4.98, ...,  4.97,  4.98,  4.99]])"
      ]
     },
     "execution_count": 217,
     "metadata": {},
     "output_type": "execute_result"
    }
   ],
   "source": [
    "xs"
   ]
  },
  {
   "cell_type": "code",
   "execution_count": 218,
   "metadata": {},
   "outputs": [
    {
     "data": {
      "text/plain": [
       "array([[-5.  , -5.  , -5.  , ..., -5.  , -5.  , -5.  ],\n",
       "       [-4.99, -4.99, -4.99, ..., -4.99, -4.99, -4.99],\n",
       "       [-4.98, -4.98, -4.98, ..., -4.98, -4.98, -4.98],\n",
       "       ...,\n",
       "       [ 4.97,  4.97,  4.97, ...,  4.97,  4.97,  4.97],\n",
       "       [ 4.98,  4.98,  4.98, ...,  4.98,  4.98,  4.98],\n",
       "       [ 4.99,  4.99,  4.99, ...,  4.99,  4.99,  4.99]])"
      ]
     },
     "execution_count": 218,
     "metadata": {},
     "output_type": "execute_result"
    }
   ],
   "source": [
    "ys"
   ]
  },
  {
   "cell_type": "code",
   "execution_count": 243,
   "metadata": {},
   "outputs": [],
   "source": [
    "arr = np.random.randint(0,25,(10,5))\n",
    "a = np.random.randint(0,25,10)\n",
    "b = np.random.randint(0,25,10)"
   ]
  },
  {
   "cell_type": "code",
   "execution_count": 231,
   "metadata": {},
   "outputs": [
    {
     "data": {
      "text/plain": [
       "array([[19,  9, 16,  6,  1],\n",
       "       [16, 18,  2,  4, 15],\n",
       "       [22,  7, 22, 23,  7],\n",
       "       [ 0, 22,  0, 22, 22],\n",
       "       [ 0, 16, 18, 22, 15],\n",
       "       [16,  4, 21,  2, 17],\n",
       "       [14, 24, 10, 23,  1],\n",
       "       [ 8,  6,  6,  6, 13],\n",
       "       [ 8,  9, 18,  8, 22],\n",
       "       [ 0,  5,  4,  7, 21]])"
      ]
     },
     "execution_count": 231,
     "metadata": {},
     "output_type": "execute_result"
    }
   ],
   "source": [
    "arr"
   ]
  },
  {
   "cell_type": "code",
   "execution_count": 234,
   "metadata": {},
   "outputs": [
    {
     "data": {
      "text/plain": [
       "array([[ 19,   9,  16,   6,   1],\n",
       "       [ 35,  27,  18,  10,  16],\n",
       "       [ 57,  34,  40,  33,  23],\n",
       "       [ 57,  56,  40,  55,  45],\n",
       "       [ 57,  72,  58,  77,  60],\n",
       "       [ 73,  76,  79,  79,  77],\n",
       "       [ 87, 100,  89, 102,  78],\n",
       "       [ 95, 106,  95, 108,  91],\n",
       "       [103, 115, 113, 116, 113],\n",
       "       [103, 120, 117, 123, 134]], dtype=int32)"
      ]
     },
     "execution_count": 234,
     "metadata": {},
     "output_type": "execute_result"
    }
   ],
   "source": [
    "arr.cumsum(axis = 0)"
   ]
  },
  {
   "cell_type": "code",
   "execution_count": 239,
   "metadata": {},
   "outputs": [
    {
     "name": "stdout",
     "output_type": "stream",
     "text": [
      "[ 5 20 16 15  6 22  4 21 12 24]\n"
     ]
    },
    {
     "data": {
      "text/plain": [
       "array([  5,  25,  41,  56,  62,  84,  88, 109, 121, 145], dtype=int32)"
      ]
     },
     "execution_count": 239,
     "metadata": {},
     "output_type": "execute_result"
    }
   ],
   "source": [
    "print(a)\n",
    "a.cumsum(axis=0)"
   ]
  },
  {
   "cell_type": "code",
   "execution_count": 242,
   "metadata": {},
   "outputs": [
    {
     "data": {
      "text/plain": [
       "array([ 1,  3,  4,  5,  7,  8,  9, 11, 12, 13, 14, 15, 16, 17, 18, 19, 20,\n",
       "       21, 22, 23, 24])"
      ]
     },
     "execution_count": 242,
     "metadata": {},
     "output_type": "execute_result"
    }
   ],
   "source": [
    "np.unique(arr)"
   ]
  },
  {
   "cell_type": "code",
   "execution_count": 245,
   "metadata": {},
   "outputs": [
    {
     "data": {
      "text/plain": [
       "array([ 0,  9, 11, 15, 17, 18, 19])"
      ]
     },
     "execution_count": 245,
     "metadata": {},
     "output_type": "execute_result"
    }
   ],
   "source": [
    "np.setdiff1d(a,b)"
   ]
  },
  {
   "cell_type": "code",
   "execution_count": 247,
   "metadata": {},
   "outputs": [
    {
     "data": {
      "text/plain": [
       "array([False, False, False,  True, False, False, False,  True, False,\n",
       "       False])"
      ]
     },
     "execution_count": 247,
     "metadata": {},
     "output_type": "execute_result"
    }
   ],
   "source": [
    "np.in1d(a,b)"
   ]
  },
  {
   "cell_type": "code",
   "execution_count": 249,
   "metadata": {},
   "outputs": [
    {
     "data": {
      "text/plain": [
       "array([ 0,  3,  5,  7,  9, 11, 12, 15, 17, 18, 19, 23, 24])"
      ]
     },
     "execution_count": 249,
     "metadata": {},
     "output_type": "execute_result"
    }
   ],
   "source": [
    "np.setxor1d(a,b)"
   ]
  },
  {
   "cell_type": "code",
   "execution_count": 253,
   "metadata": {},
   "outputs": [],
   "source": [
    "a = np.arange(10)\n",
    "b = np.random.randint(0,25,25)"
   ]
  },
  {
   "cell_type": "code",
   "execution_count": 252,
   "metadata": {},
   "outputs": [],
   "source": [
    "np.save(\"array\",a)"
   ]
  },
  {
   "cell_type": "code",
   "execution_count": 254,
   "metadata": {},
   "outputs": [],
   "source": [
    "np.savez(\"array_nocompress\",a=a,b=b)"
   ]
  },
  {
   "cell_type": "code",
   "execution_count": 255,
   "metadata": {},
   "outputs": [],
   "source": [
    "np.savez_compressed(\"array_compress\",a=a,b=b)"
   ]
  },
  {
   "cell_type": "code",
   "execution_count": 260,
   "metadata": {},
   "outputs": [],
   "source": [
    "arch = np.load(r\"C:\\Users\\ashwi\\Desktop\\Ashwin\\Data_mining_Concepts\\array_compress.npz\")"
   ]
  },
  {
   "cell_type": "code",
   "execution_count": 263,
   "metadata": {},
   "outputs": [
    {
     "name": "stdout",
     "output_type": "stream",
     "text": [
      "[0 1 2 3 4 5 6 7 8 9] [15 13  5  9 16  7 23  3  6 22 12 11  3  6  5 23 12 21  0 11 15 12 15 23\n",
      "  6]\n"
     ]
    }
   ],
   "source": [
    "print(arch['a'],arch['b'])"
   ]
  },
  {
   "cell_type": "code",
   "execution_count": 277,
   "metadata": {},
   "outputs": [],
   "source": [
    "from numpy.linalg import inv,qr,eig"
   ]
  },
  {
   "cell_type": "code",
   "execution_count": 267,
   "metadata": {},
   "outputs": [],
   "source": [
    "z = np.random.rand(5,5)"
   ]
  },
  {
   "cell_type": "code",
   "execution_count": 268,
   "metadata": {},
   "outputs": [],
   "source": [
    "mat = np.dot(z.T,z)"
   ]
  },
  {
   "cell_type": "code",
   "execution_count": 269,
   "metadata": {},
   "outputs": [
    {
     "data": {
      "text/plain": [
       "array([[1.95210187, 1.35521841, 1.64839287, 1.67234615, 1.02813677],\n",
       "       [1.35521841, 1.26345464, 1.13316271, 1.16048867, 0.98220315],\n",
       "       [1.64839287, 1.13316271, 1.54747479, 1.60778021, 0.90240504],\n",
       "       [1.67234615, 1.16048867, 1.60778021, 2.09097892, 1.27928486],\n",
       "       [1.02813677, 0.98220315, 0.90240504, 1.27928486, 1.36944509]])"
      ]
     },
     "execution_count": 269,
     "metadata": {},
     "output_type": "execute_result"
    }
   ],
   "source": [
    "mat"
   ]
  },
  {
   "cell_type": "code",
   "execution_count": 270,
   "metadata": {},
   "outputs": [
    {
     "data": {
      "text/plain": [
       "array([[ 7.03561808, -2.62623436, -6.07964912,  0.3114492 ,  0.31676464],\n",
       "       [-2.62623436,  5.24518098, -1.69068206,  2.10767339, -2.64511505],\n",
       "       [-6.07964912, -1.69068206, 12.26418779, -5.17975913,  2.53418456],\n",
       "       [ 0.3114492 ,  2.10767339, -5.17975913,  4.71876705, -2.74036713],\n",
       "       [ 0.31676464, -2.64511505,  2.53418456, -2.74036713,  3.27958548]])"
      ]
     },
     "execution_count": 270,
     "metadata": {},
     "output_type": "execute_result"
    }
   ],
   "source": [
    "inv(mat)"
   ]
  },
  {
   "cell_type": "code",
   "execution_count": 273,
   "metadata": {},
   "outputs": [
    {
     "data": {
      "text/plain": [
       "array([[ 1.00000000e+00,  1.69291003e-16,  3.47215820e-16,\n",
       "         2.58945327e-16, -1.41703657e-16],\n",
       "       [-5.99289980e-16,  1.00000000e+00,  9.82944906e-16,\n",
       "         1.12492524e-18, -1.39044098e-16],\n",
       "       [-3.70595323e-16, -5.34954969e-17,  1.00000000e+00,\n",
       "        -4.02668947e-17, -2.09181985e-17],\n",
       "       [-2.31148061e-16,  1.91419490e-16,  2.35409240e-15,\n",
       "         1.00000000e+00,  1.44964328e-16],\n",
       "       [-2.18668301e-16,  7.18980945e-16,  3.47671536e-16,\n",
       "        -2.41174663e-17,  1.00000000e+00]])"
      ]
     },
     "execution_count": 273,
     "metadata": {},
     "output_type": "execute_result"
    }
   ],
   "source": [
    "mat.dot(inv(mat))"
   ]
  },
  {
   "cell_type": "code",
   "execution_count": 274,
   "metadata": {},
   "outputs": [],
   "source": [
    "q,r = qr(mat)"
   ]
  },
  {
   "cell_type": "code",
   "execution_count": 275,
   "metadata": {},
   "outputs": [
    {
     "data": {
      "text/plain": [
       "array([[-0.55846588,  0.29965888,  0.73568096, -0.23224351,  0.05618624],\n",
       "       [-0.38770684, -0.66402607,  0.14160392,  0.41057631, -0.46917822],\n",
       "       [-0.47157948,  0.28334001, -0.30795593,  0.63280521,  0.44950189],\n",
       "       [-0.47843214,  0.25810252, -0.55676604, -0.39778111, -0.4860736 ],\n",
       "       [-0.29413389, -0.56778118, -0.18411023, -0.46777965,  0.58171764]])"
      ]
     },
     "execution_count": 275,
     "metadata": {},
     "output_type": "execute_result"
    }
   ],
   "source": [
    "q"
   ]
  },
  {
   "cell_type": "code",
   "execution_count": 276,
   "metadata": {},
   "outputs": [
    {
     "data": {
      "text/plain": [
       "array([[-3.49547201e+00, -2.62518384e+00, -3.12430510e+00,\n",
       "        -3.51874637e+00, -2.39539309e+00],\n",
       "       [ 0.00000000e+00, -3.69944677e-01,  8.25710266e-02,\n",
       "        -5.79834821e-04, -5.35789234e-01],\n",
       "       [ 0.00000000e+00,  0.00000000e+00, -1.64701937e-01,\n",
       "        -5.00197981e-01, -3.46827744e-01],\n",
       "       [ 0.00000000e+00,  0.00000000e+00,  0.00000000e+00,\n",
       "        -3.24686050e-01, -4.13936042e-01],\n",
       "       [ 0.00000000e+00,  0.00000000e+00,  0.00000000e+00,\n",
       "         0.00000000e+00,  1.77375356e-01]])"
      ]
     },
     "execution_count": 276,
     "metadata": {},
     "output_type": "execute_result"
    }
   ],
   "source": [
    "r"
   ]
  },
  {
   "cell_type": "code",
   "execution_count": 279,
   "metadata": {},
   "outputs": [],
   "source": [
    "val,vec = eig(mat)"
   ]
  },
  {
   "cell_type": "code",
   "execution_count": 280,
   "metadata": {},
   "outputs": [
    {
     "data": {
      "text/plain": [
       "array([6.88370443, 0.70079766, 0.48836583, 0.09680495, 0.05378244])"
      ]
     },
     "execution_count": 280,
     "metadata": {},
     "output_type": "execute_result"
    }
   ],
   "source": [
    "val"
   ]
  },
  {
   "cell_type": "code",
   "execution_count": 281,
   "metadata": {},
   "outputs": [
    {
     "data": {
      "text/plain": [
       "array([[ 0.50565008,  0.41937314,  0.22942456,  0.59758483, -0.39837282],\n",
       "       [ 0.38205906, -0.05463012,  0.66819749, -0.62391278, -0.12365831],\n",
       "       [ 0.45302925,  0.36148062, -0.12950781, -0.05206361,  0.80287818],\n",
       "       [ 0.51599484, -0.12035228, -0.68602019, -0.3349965 , -0.36934848],\n",
       "       [ 0.3561779 , -0.82218538,  0.1161056 ,  0.37241366,  0.21207558]])"
      ]
     },
     "execution_count": 281,
     "metadata": {},
     "output_type": "execute_result"
    }
   ],
   "source": [
    "vec"
   ]
  },
  {
   "cell_type": "code",
   "execution_count": 314,
   "metadata": {},
   "outputs": [],
   "source": [
    "position = 0\n",
    "walk = [position]\n",
    "steps = 1000\n",
    "for i in range(steps):\n",
    "    if random.randint(0, 1) == 1:step = 1 \n",
    "    else : step = -1\n",
    "    position += step\n",
    "    walk.append(position)"
   ]
  },
  {
   "cell_type": "code",
   "execution_count": 315,
   "metadata": {},
   "outputs": [
    {
     "data": {
      "text/plain": [
       "16"
      ]
     },
     "execution_count": 315,
     "metadata": {},
     "output_type": "execute_result"
    }
   ],
   "source": [
    "position"
   ]
  },
  {
   "cell_type": "code",
   "execution_count": 316,
   "metadata": {},
   "outputs": [
    {
     "data": {
